50.0
23.0
12.0
12.0
21.0
12.0
49.0
9.0
24.0
28.0
14.0
14.0
18.0
12.0
15.0
35.0
13.0
21.0
13.0
19.0
13.0
51.0
30.0
12.0
11.0
17.0
48.0
19.0
20.0
30.0
20.0
17.0
13.0
26.0
33.0
16.0
12.0
41.0
16.0
25.0
13.0
50.0
12.0
10.0
27.0
36.0
23.0
18.0
12.0
13.0
19.0
12.0
11.0
11.0
15.0
12.0
18.0
10.0
10.0
28.0
10.0
16.0
15.0
16.0
38.0
19.0
13.0
22.0
12.0
24.0
35.0
38.0
48.0
31.0
24.0
26.0
40.0
49.0
42.0
41.0
29.0
66.0
88.0
79.0
49.0
26.0
104.0
66.0
44.0
51.0
67.0
28.0
74.0
57.0
40.0
28.0
28.0
81.0
17.0
16.0
