-221.83862647717788
-257.0501742313729
-116.11651791576986
-263.1022525042414
-283.93163437231954
-242.85056443441437
-88.82854036566354
-344.2019631025172
-115.8864281119632
-206.5269536627246
-98.07001101830373
-293.83004917327173
-165.27938714146762
-58.695228368337055
-135.84660565458756
-109.06963236448489
-214.53375165538182
-142.3148628039777
-175.2329405704
-495.0182685934392
-92.53888469315486
-527.6586100844015
-196.11828270052325
-250.74974427120142
-355.21396288782955
-229.15196450027437
-342.9376740675367
